---clubs---
0004378576
0014994888
0004345134
0004132862
0002398984
0015025731
0015011701
0015026786
0002396347
0004336273
0001960452
0015028108
0015028085
---diamonds---
0002396801
0004364000
0002345544
0002391093
0004363684
0004344839
0001898425
0014993380
0015029296
0014984198
0004372251
0004125029
0004345137
---spades---
0004382653
0004363654
0002130021
0015014579
0004345168
0004115213
0002129985
0004386328
0004386352
0015024997
0001895264
0002391095
0001935629
---hearts---
0004284115
0002372620
0002390840
0009338220
0010209269
0004324086
0004391091
0004372185
0002372127
0004372320
0015029733
0002414958
0002404550
